[gd_scene load_steps=4 format=3 uid="uid://bf8smqh6dbfvm"]

[ext_resource type="Material" uid="uid://ceeuporpmp8lt" path="res://Textures/sand_material.tres" id="1_uxk5s"]
[ext_resource type="Material" uid="uid://b8pdw50ywdhkt" path="res://Shaders/water_shader_material.tres" id="2_8501v"]
[ext_resource type="PackedScene" uid="uid://cu87u6588tm6x" path="res://Objects/boost_ring.tscn" id="3_kpnwi"]

[node name="frickingAwesomeTube" type="CSGCombiner3D"]
transform = Transform3D(-1, 0, 8.74228e-08, 0, 1, 0, -8.74228e-08, 0, -1, 0, 0, 0)
material_override = ExtResource("1_uxk5s")
material_overlay = ExtResource("2_8501v")
use_collision = true

[node name="base" type="CSGBox3D" parent="."]
transform = Transform3D(1, 0, 0, 0, 1, 0, 0, 0, 1, -7.29665, 7.62774, 6.88112)
size = Vector3(35.4117, 17.0687, 17.6194)

[node name="CSGCylinder3D" type="CSGCylinder3D" parent="."]
transform = Transform3D(-4.37114e-08, -1, 4.37114e-08, 1, -4.37114e-08, -4.37114e-08, 4.37114e-08, 4.37114e-08, 1, -5.88451, 7.54758, 6.83362)
operation = 2
radius = 8.0
height = 39.9763
sides = 32
metadata/_edit_lock_ = true

[node name="BoostRing1" parent="." instance=ExtResource("3_kpnwi")]
transform = Transform3D(0.173648, 0, 0.984808, 0, 1, 0, -0.984808, 0, 0.173648, 8.95538, 1.89101, 5.23929)
strength = 20.0
centerPlayer = true

[node name="BoostRing3" parent="." instance=ExtResource("3_kpnwi")]
transform = Transform3D(0.122788, 0.122788, 0.984808, -0.707107, 0.707107, 0, -0.696364, -0.696364, 0.173648, 7.45214, 2.35121, 9.72371)
strength = 20.0
centerPlayer = true

[node name="BoostRing2" parent="." instance=ExtResource("3_kpnwi")]
transform = Transform3D(0.173648, -4.30473e-08, 0.984808, -0.984808, -7.5904e-09, 0.173648, 0, -1, -4.37114e-08, 5.95214, 6.02829, 12.4773)
strength = 20.0
centerPlayer = true

[node name="BoostRing4" parent="." instance=ExtResource("3_kpnwi")]
transform = Transform3D(0.122788, 0.122788, -0.984808, -0.707107, 0.707107, 0, 0.696364, 0.696364, 0.173648, 4.45214, 10.781, 12.27)
strength = 20.0
centerPlayer = true

[node name="BoostRing5" parent="." instance=ExtResource("3_kpnwi")]
transform = Transform3D(0.173648, 0, -0.984808, 0, 1, 0, 0.984808, 0, 0.173648, 2.95214, 13.634, 8.34406)
strength = 20.0
centerPlayer = true

[node name="BoostRing6" parent="." instance=ExtResource("3_kpnwi")]
transform = Transform3D(0.122788, -0.122788, -0.984808, 0.707107, 0.707107, 0, 0.696364, -0.696364, 0.173648, 1.45214, 13.1327, 3.59694)
strength = 20.0
centerPlayer = true

[node name="BoostRing7" parent="." instance=ExtResource("3_kpnwi")]
transform = Transform3D(-7.5904e-09, -0.173648, -0.984808, 1, -4.37114e-08, 0, -4.30473e-08, -0.984807, 0.173648, -0.0478606, 9.57524, 1.09944)
strength = 20.0
centerPlayer = true

[node name="BoostRing8" parent="." instance=ExtResource("3_kpnwi")]
transform = Transform3D(0.122788, -0.122788, 0.984808, 0.707107, 0.707107, 0, -0.696364, 0.696364, 0.173648, -1.54786, 5.25, 1.71001)
strength = 20.0
centerPlayer = true

[node name="BoostRing9" parent="." instance=ExtResource("3_kpnwi")]
transform = Transform3D(0.173648, 0, 0.984808, 0, 1, 0, -0.984808, 0, 0.173648, -2.39202, 1.89101, 5.23929)
strength = 20.0
centerPlayer = true

[node name="BoostRing10" parent="." instance=ExtResource("3_kpnwi")]
transform = Transform3D(0.122788, 0.122788, 0.984808, -0.707107, 0.707107, 0, -0.696364, -0.696364, 0.173648, -3.89527, 2.35121, 9.72371)
strength = 20.0
centerPlayer = true

[node name="BoostRing11" parent="." instance=ExtResource("3_kpnwi")]
transform = Transform3D(0.173648, -4.30473e-08, 0.984808, -0.984808, -7.5904e-09, 0.173648, 0, -1, -4.37114e-08, -5.39526, 6.02829, 12.4773)
strength = 20.0
centerPlayer = true

[node name="BoostRing12" parent="." instance=ExtResource("3_kpnwi")]
transform = Transform3D(0.122788, 0.122788, -0.984808, -0.707107, 0.707107, 0, 0.696364, 0.696364, 0.173648, -6.89527, 10.781, 12.27)
strength = 20.0
centerPlayer = true

[node name="BoostRing13" parent="." instance=ExtResource("3_kpnwi")]
transform = Transform3D(0.173648, 0, -0.984808, 0, 1, 0, 0.984808, 0, 0.173648, -8.39526, 13.634, 8.34406)
strength = 20.0
centerPlayer = true

[node name="BoostRing14" parent="." instance=ExtResource("3_kpnwi")]
transform = Transform3D(0.122788, -0.122788, -0.984808, 0.707107, 0.707107, 0, 0.696364, -0.696364, 0.173648, -9.89526, 13.1327, 3.59694)
strength = 20.0
centerPlayer = true

[node name="BoostRing15" parent="." instance=ExtResource("3_kpnwi")]
transform = Transform3D(-7.5904e-09, -0.173648, -0.984808, 1, -4.37114e-08, 0, -4.30473e-08, -0.984807, 0.173648, -11.3953, 9.57524, 1.09944)
strength = 20.0
centerPlayer = true

[node name="BoostRing16" parent="." instance=ExtResource("3_kpnwi")]
transform = Transform3D(0.122788, -0.122788, 0.984808, 0.707107, 0.707107, 0, -0.696364, 0.696364, 0.173648, -12.8953, 5.25, 1.71001)
strength = 20.0
centerPlayer = true

[node name="BoostRing17" parent="." instance=ExtResource("3_kpnwi")]
transform = Transform3D(0.173648, 0, 0.984808, 0, 1, 0, -0.984808, 0, 0.173648, -13.5494, 1.89101, 5.23929)
strength = 20.0
centerPlayer = true

[node name="BoostRing18" parent="." instance=ExtResource("3_kpnwi")]
transform = Transform3D(0.122788, 0.122788, 0.984808, -0.707107, 0.707107, 0, -0.696364, -0.696364, 0.173648, -15.0526, 2.35121, 9.72371)
strength = 20.0
centerPlayer = true

[node name="BoostRing19" parent="." instance=ExtResource("3_kpnwi")]
transform = Transform3D(0.173648, -4.30473e-08, 0.984808, -0.984808, -7.5904e-09, 0.173648, 0, -1, -4.37114e-08, -16.5526, 6.02829, 12.4773)
strength = 20.0
centerPlayer = true

[node name="BoostRing20" parent="." instance=ExtResource("3_kpnwi")]
transform = Transform3D(0.122788, 0.122788, -0.984808, -0.707107, 0.707107, 0, 0.696364, 0.696364, 0.173648, -18.0526, 10.781, 12.27)
strength = 20.0
centerPlayer = true

[node name="BoostRing21" parent="." instance=ExtResource("3_kpnwi")]
transform = Transform3D(0.173648, 0, -0.984808, 0, 1, 0, 0.984808, 0, 0.173648, -19.5526, 13.634, 8.34406)
strength = 20.0
centerPlayer = true

[node name="BoostRing22" parent="." instance=ExtResource("3_kpnwi")]
transform = Transform3D(0.122788, -0.122788, -0.984808, 0.707107, 0.707107, 0, 0.696364, -0.696364, 0.173648, -21.0526, 13.1327, 3.59694)
strength = 20.0
centerPlayer = true

[node name="BoostRing23" parent="." instance=ExtResource("3_kpnwi")]
transform = Transform3D(-7.5904e-09, -0.173648, -0.984808, 1, -4.37114e-08, 0, -4.30473e-08, -0.984807, 0.173648, -22.5526, 9.57524, 1.09944)
strength = 20.0
centerPlayer = true

[node name="BoostRing24" parent="." instance=ExtResource("3_kpnwi")]
transform = Transform3D(0.663414, -0.383022, 0.642788, 0.5, 0.866025, 0, -0.55667, 0.321394, 0.766044, -24.0526, 5.25, 1.71001)
strength = 20.0
centerPlayer = true
